WP_000420621.1(1,38)	fig|536231.5.peg.3585	45.714	35	19	0	2	36	1	35	3.20e-05	36.6	95
WP_001301085.1(42,84)	fig|266117.6.peg.889	47.500	40	21	0	2	41	1	40	1.02e-06	40.4	95
WP_001301085.1(42,84)	fig|333849.6.peg.4748	43.590	39	21	1	5	42	3	41	9.71e-05	35.4	90
WP_001301085.1(90,124)	fig|393121.3.peg.1565	26.829	41	29	1	2	42	1	40	0.37	26.6	98
WP_001028341.1(1,30)	fig|1035184.4.peg.1718	41.379	29	17	0	1	29	4	32	0.005	30.4	100
WP_001028341.1(1,30)	fig|1035184.3.peg.1717	41.379	29	17	0	1	29	4	32	0.005	30.4	100
WP_001028341.1(1,30)	fig|1046599.3.peg.1741	42.857	28	16	0	2	29	4	31	0.027	28.9	97
WP_001028341.1(1,30)	fig|1046594.4.peg.125	38.462	26	16	0	1	26	4	29	0.11	27.3	90
WP_001028341.1(1,30)	fig|491075.3.peg.1445	37.931	29	18	0	1	29	2	30	0.11	26.9	100
WP_001028341.1(1,30)	fig|749511.3.peg.768	37.931	29	18	0	1	29	2	30	0.13	26.9	100
